5
  ` 1 2 3 4 5 6 7 8 9 0 - =
     q w e r t y u i o p [ ] \
      a s d f g h j k l ; ' ENTER
SHIFT  z x c v b n m , . /
            SPACE
  ~ ! @ # $ % ^ & * ( ) _ +
     Q W E R T Y U I O P { } \
      A S D F G H J K L : " ENTER
SHIFT  Z X C V B N M < > ?
            SPACE
SHIFT 3 0 5 2
32 4 12 5 2
10 2 28 5 2
96 0 2 1 0
49 0 4 1 0
50 0 6 1 0
51 0 8 1 0
52 0 10 1 0
53 0 12 1 0
54 0 14 1 0
55 0 16 1 0
56 0 18 1 0
57 0 20 1 0
48 0 22 1 0
45 0 24 1 0
61 0 26 1 0
113 1 5 1 0
119 1 7 1 0
101 1 9 1 0
114 1 11 1 0
116 1 13 1 0
121 1 15 1 0
117 1 17 1 0
105 1 19 1 0
111 1 21 1 0
112 1 23 1 0
91 1 25 1 0
93 1 27 1 0
92 1 29 1 0
97 2 6 1 0
115 2 8 1 0
100 2 10 1 0
102 2 12 1 0
103 2 14 1 0
104 2 16 1 0
106 2 18 1 0
107 2 20 1 0
108 2 22 1 0
59 2 24 1 0
39 2 26 1 0
122 3 7 1 0
120 3 9 1 0
99 3 11 1 0
118 3 13 1 0
98 3 15 1 0
110 3 17 1 0
109 3 19 1 0
44 3 21 1 0
46 3 23 1 0
47 3 25 1 0
126 0 2 1 1
33 0 4 1 1
64 0 6 1 1
35 0 8 1 1
36 0 10 1 1
37 0 12 1 1
94 0 14 1 1
38 0 16 1 1
42 0 18 1 1
40 0 20 1 1
41 0 22 1 1
95 0 24 1 1
43 0 26 1 1
81 1 5 1 1
87 1 7 1 1
69 1 9 1 1
82 1 11 1 1
84 1 13 1 1
89 1 15 1 1
85 1 17 1 1
73 1 19 1 1
79 1 21 1 1
80 1 23 1 1
123 1 25 1 1
125 1 27 1 1
92 1 29 1 1
65 2 6 1 1
83 2 8 1 1
68 2 10 1 1
70 2 12 1 1
71 2 14 1 1
72 2 16 1 1
74 2 18 1 1
75 2 20 1 1
76 2 22 1 1
58 2 24 1 1
34 2 26 1 1
90 3 7 1 1
88 3 9 1 1
67 3 11 1 1
86 3 13 1 1
66 3 15 1 1
78 3 17 1 1
77 3 19 1 1
60 3 21 1 1
62 3 23 1 1
63 3 25 1 1
